328
334
330
332
336
333
328
328
333
325
326
337
336
334
333
334
335
336
337
339
334
335
338
341
341
345
345
342
343
348
352
346
342
346
354
352
348
348
351
351
348
347
349
352
350
350
352
348
350
356
350
353
355
357
364
362
365
367
366
377
390
391
382
377
372
359
352
352
353
353
353
349
350
350
352
348
351
350
352
355
355
355
356
357
341
313
327
371
458
594
714
720
721
652
483
383
356
352
350
344
339
335
338
334
334
335
338
336
337
343
343
339
349
351
353
353
358
364
363
366
371
378
381
386
392
396
402
409
413
415
415
414
413
407
399
386
378
369
358
352
348
338
336
340
334
329
332
336
332
329
330
333
331
330
338
340
336
330
336
336
337
341
344
338
337
341
344
343
344
342
341
340
332
347
350
347
346
347
348
344
346
349
343
341
346
350
349
347
349
349
346
349
355
362
363
362
362
362
376
392
391
378
372
368
358
351
349
346
347
347
349
349
347
347
349
348
349
348
348
352
350
348
350
341
316
322
360
437
571
702
718
720
675
491
387
351
349
344
341
335
330
329
330
326
327
333
335
335
335
339
340
340
345
346
345
349
354
356
359
362
372
376
380
384
391
394
399
404
405
400
401
406
401
389
383
374
363
354
347
345
340
334
331
331
327
325
328
328
327
330
331
328
328
331
324
332
333
335
336
334
334
339
342
338
339
340
342
342
342
342
341
342
343
346
346
348
346
348
348
347
345
347
350
355
359
363
360
360
372
385
388
380
375
365
358
348
345
341
340
341
342
337
338
343
345
339
339
345
344
343
347
350
348
349
341
310
315
358
444
574
698
721
711
655
489
382
356
350
341
336
336
331
328
331
334
328
331
333
332
333
335
338
338
340
343
348
350
351
356
362
362
365
374
378
384
390
396
394
393
395
400
401
397
392
386
378
366
360
357
345
339
340
335
330
330
332
323
330
328
328
331
335
333
334
333
333
336
335
334
336
342
342
340
341
345
342
342
340
344
343
345
348
348
345
344
349
351
349
350
356
357
362
365
369
366
372
385
388
382
376
368
356
344
343
347
342
343
342
340
339
342
344
345
344
343
344
345
339
348
354
354
338
312
324
364
454
604
717
721
721
711
535
390
346
347
344
337
334
335
329
328
331
330
327
331
334
334
336
339
341
342
342
342
350
354
355
358
368
370
376
383
385
386
394
400
403
406
406
405
401
394
390
385
371
363
353
348
343
330
336
332
329
330
329
330
335
335
334
331
332
333
336
335
333
336
337
340
341
340
341
341
342
341
342
341
342
344
344
343
344
347
344
343
347
348
356
366
379
387
375
366
363
356
345
336
336
337
340
341
341
337
336
337
338
341
338
337
342
337
337
346
345
328
302
312
351
445
599
710
720
720
680
489
365
336
334
334
329
320
321
318
315
320
319
318
320
323
325
325
329
330
334
338
335
339
344
347
350
355
358
364
373
380
385
388
393
399
398
399
398
392
387
373
369
356
348
342
338
329
322
321
319
316
320
324
320
318
317
320
319
318
321
324
324
324
327
330
327
326
327
331
333
333
334
332
333
334
334
335
337
339
340
337
337
339
344
352
341
336
340
344
345
349
355
356
359
361
361
367
377
384
378
371
356
351
344
342
344
346
344
341
344
342
342
345
345
344
348
352
351
350
352
354
347
330
312
337
383
483
625
718
717
716
644
461
368
355
353
347
342
337
336
334
333
331
333
333
332
336
338
340
344
349
346
343
347
355
354
356
362
366
374
381
384
384
399
406
405
410
412
409
404
398
387
378
375
368
363
357
356
347
336
324
325
324
324
326
330
332
332
329
328
330
333
334
334
336
339
342
340
333
331
333
336
333
335
340
341
333
337
348
353
346
339
334
335
337
340
341
342
346
350
356
353
353
351
359
361
369
372
371
364
360
354
342
336
338
339
338
338
333
337
339
336
332
335
342
346
337
337
341
344
347
332
307
317
358
452
593
712
717
719
630
454
365
351
343
331
327
323
320
321
318
327
327
322
325
333
331
328
327
330
325
327
339
350
342
346
356
368
368
365
367
374
390
396
394
385
386
397
399
390
385
379
367
356
356
349
336
324
321
327
325
325
329
330
324
316
314
322
324
324
330
327
325
329
336
332
332
335
330
327
329
338
347
348
343
337
333
335
346
351
346
350
355
352
350
358
379
385
372
367
368
361
343
337
339
343
347
346
340
338
342
348
344
333
329
338
345
341
346
346
340
342
340
324
