310
298
300
314
311
301
307
319
317
307
315
323
314
311
322
327
318
320
336
336
328
336
351
351
348
361
376
374
370
383
391
382
379
388
385
367
361
367
356
338
336
339
326
315
322
325
314
310
318
323
314
314
326
323
314
319
330
324
316
321
330
323
318
326
333
322
321
335
334
323
325
336
332
323
328
334
329
322
332
340
331
326
336
338
328
327
341
339
327
332
341
335
328
336
345
337
331
341
345
335
332
345
345
332
336
349
344
334
342
351
338
336
347
356
352
353
369
371
354
356
377
380
366
364
371
356
341
345
347
335
330
344
347
334
334
348
344
332
336
348
343
336
346
355
342
314
318
350
396
513
662
691
691
688
540
379
326
333
338
325
313
318
323
312
310
320
322
310
311
325
324
314
320
332
326
319
328
337
330
326
339
346
340
340
357
361
356
362
382
382
377
388
401
394
388
397
402
389
380
383
376
358
352
357
348
331
331
338
327
317
326
333
322
318
330
333
322
321
333
332
322
324
336
334
325
332
341
333
327
337
342
331
329
341
341
333
332
345
354
343
367
355
346
340
341
351
343
336
352
349
340
336
342
343
328
333
342
335
326
335
343
335
329
340
345
332
331
343
345
333
335
347
343
333
339
348
340
332
344
349
338
336
348
349
338
336
350
350
339
341
351
346
339
347
355
345
342
354
357
344
343
353
352
341
343
355
350
340
346
356
346
339
350
357
347
347
363
367
355